0106478646
0106484223
0101467859
0101445319
0700495196
0312735507
0105248985
0106474049
0106211025
3800311063
0101498871
0105318826
0104855659
1701960377
0106542309
0106569734
3603219693
2901736430
0313024418
0106658046
0106775342
5200818271
0106761741
5801272124
0313223156
3702362285
1900596210
5000816365
1101792480
2600940697
3702375125
1801366819-001
0106888321
1101780735-006
5901015811
1702007907
3603294482
0106919185
2802300347
1402017541
3401108126
0313413647
6300265752
3101001189
0106990117
5701781209
2500552901
0313501621
4001040436
0313469583
0107013410
0313469470
2300896711
0107015658
4300765247
3603314121
2300898589
0107076185
0700760567
3001943556
4201666100
0201655207
2400774347
2802313360
5400466965
0201659089
0107249705
2901811021
0313575528
0107251535
0313621005
1101813980
3702441949
0313613607
0107283745
0313697903
0107361062
0801175347
0107285541
0107287884
0107447009
0107381414
0107488950
0201723834
0107400829
2901838841
3603370327
0107462649
0313838015
0107366448
3702461014
0313794858
5200851624
0201729924
3603372596
3702479149
0401747342
0107395431
3702475560
0107483800
0107424386
5801320917
0107563541
0107523884
0107554459
0107530521
4101470143
3702494147
0313913128
0107507850
0201744640
1201534148
4001091896
0314039311
1402049455
0314045509
1702060890
3702491562
0107567761
0107500703
3702492598
0314058498
3702508110
0107593578
0107615687
0101098055-001
0107582488
0314044424
0314101129
5701834161
4800897788
0106795490-001
0314197597
2500574479
3801139746
0314138231
0107654037
4201719507
2300952564
0107726179
0107717745
0314193440
0107705813
0107771340
4201736189
4601333360
0401834926
2901883805
0314414555
4201745232
3702548219
0401827622
4900807675
0314339731
4800899697
2901886718
2500579269
6001572868
0107488580
5701872015
0107866176
2300991362
0313835487-001
0108020192
0401857426
0201816581
0314638548
0401857218
0108005476
3801157417
0314720457
2901904727
4900814351
0108041347
0901023299
0314729026
0314710917
3603490984
0108098544
0314620967
0901022827
0108087327
0801222734
3603506338
0314838515
0601154678
5701918742
0314841451
0108119762
0108109228
0314963185
0314976794
0314855581
0315001529
0108080667
0315182427
3702661711
0315113857
3200660707
0315196571
0315196564
1301057604
0315269075
3702701717
0108395113
0201904051
0315328877
4300825489
0801263459
1201592333
4500626265
0401925348
0315394911
3702713159
3702699546
3101054462
0315306619
2700877382
0401940667
0315277245
0108521953
0108522837
0315264454
3301634132
0315290479
0315391043
0315257305
2500617563
0315434875
0108549162
0108540064
2500626783
0315568318
3702760374
3702764957
0315730289
3603647138
3002137950
0315891416
3002141121
6200104261
1801650844
0801297539
6001668915
0108912932
0801296616
6200104159
0108925498
2500635918
3401194573
0315975137
0315918280
0106933743-029
2500636936
4001190008
0104778179-001
0108928315
0402004847
0308818158-002
2500636414
6001670456
0108931300
0108935545
0108928410
4201864670
1301082294
1101930081
0108937503
0108931332
0108958542
4101552702
2902013804
0401994207
2500637520
0402008665
3702823183
2802803397
3603677809
0108940520
0108931759
0108965733
2001231525-001
2902016890
0108960809
0801296172
3603661446
0108966889
0401999572
1201615157
3603679394
3702815792
6001669299
3502409225
0108966624
0108986010
0102100740-010
0108926276-001
2700898946
0108980555
0108976319
3702830656
3702830712
3702827653
0316004931
3401196637
0316023324
1301083650
0108978612
4401070241
2500638732
5702024441
2802818192
0314657558-041
0109030700
4001194161
0109012740
0402017518
6001672950
5702027361
0109038467
0900288207-001
3801215965
3702841104
0108975065
2301107864
0108077488
0901071736
0402011410
3301664352
0109006296
0109082593
2601035297
5300774525
0316023250
0316073420
2400876412
0108999549
0801304137
0109050295
3502415701
0108989124
4601553052
0109069105
3603697851
0316024247
0109089172
1101936936
3603702068
0402027322
0315678180-002
0109131096
0316200887
0202020658
2902043492
0108271044
0107944593
0109178753
0109133720
2901852878-001
0109132269
0109101976
0107629584
0109192966
0109118874
0109019464
0316279076
0801323517
0109187490
1801667238
0109147191
0108476066
0109111766
0108373293-001
5701894481-001
0801317760
0316195387
0108135274
5400515073
0109144391
3603711023
0108994332
3901295481
0316192202
3603707362
0109137147
0109142556
0109185969
0316399969
5400517200
2902058869
0109202325
0316387593
0109273340
0316394287
0109287946
2301027390
4201899426
3801225321
0109207450
0109278483
0108959063
0109229140
0109278765
0109284423
0402056147
2500647818
0109255895
2400889309
0316360665
0316336990
0109213510
0202033223
2902053927
0315757410-001
0108162380-001
0109260158
0316370310
2500649484
0202028872
0109244981
2802851312
0109277200
0108901578-001
0109311483
3702578936-001
0109271470
0109300650
0109310899
0109306853
3702904964
3702903720
2001335235
0316446520
0601201991
0109366161
2500653956
0109319644
3603744741
0316456430
5702054950
0316457882
1801678399-003
6400425583
0106608736-001
0316492781
0316215019
0109345651
0313617136-576
0109345228
1801677902
0316528477
1301098544
0202045733
5702061323
0316534216
0202046984
0316525691
2400875458
0109370908
0109289615
2400895736
0109344143
0316410027
0316435399
3702710775
0316541654
1801684709
0402074153
0316563175
0316580639
0316564919
0109390196
0105836056-001
0316602836
3801240062
2100661818
0315866498-001
2901706267-014
0316562862
0315047604
0109446593
0314262743
1801612197
2301155240
2802910695
5200915740
1101972243
2802900104
0316597262
0109439194
0107273793-016
1101970006
0109475869
0109469544
3502413366
0109479486
0109483556
1702218513
5801463305